080200400570000100002300000820090005000715000700020041000006700003000018007009050
600050007030000000080409200015300000008000300000007590009501030000000080200070004
210950004090060037000700000000000308920000015805000000000002000680010040100047096
024000650100000007008010900000000000260090083080501070600903008002854700000070000
000050000000206000064000390045000810000020000000107000053000980090804060100030004
108500406000070900530004007001060008090408070800050600700100069006080000904006205
970306042805000109000050000207000304010020080400738001000905000000000000100847003
040000000086100034001500260000305840000040000058902000095008300160009450000000010
045900000000710205020003009008301026010000050360805100200100030801057000000009510
900801005000607000870000069490000057080000020000375000040000070008060900109000603
000006007007050000054090100090304080003060700010907050006080410000070900900100000
000000000003702800060354090089000160070645030000000000040000070200506004000010000
060050030000306000007000400030000060014020790700000001000000000900147005051609870
103600400590001008000200000809020000207080905000070204000002000600800039005003802
500000001020600700780005000904001008000908000200500904000300017009006050600000002
300005007010030590020008000708000000090000010000000902000900040032080070400600001
600040001030008700009700000003096000906000103000120500000002400002400080400010002
200010007000207000050000020005020400001549200300708001070804030000000000630000085
200040003600239008000000000029000530850000016006102900070805060900703001000010000
869000312020000080070108040030000090700060004001902500000836000400070003000010000
780000021960050084000000000300609008097080130100030006030806010006201900000000000
024009030000600974000080020001040000207050809000060700070090000539006000080100290
600589002030402060000070000000000000102060904006050800800040001010000070750020098
030000200001970603540002080002000090010090030060000800070800029205039100006000050
030000080000791000005000700004080500001204300200305008002508600000000000503010809
090000006006890000203706090100020000054908320000070004020607809000035600300000050
013090460800000005000040000200000001970010043060705090089403710000000000000678000
400000007006030200005702900850473026000806000004020300003209800068000590000000000
490001300060009008007380090080000700036070520002000010010047900800600030009100087
000000000305904601040010030200000007007163400000207000020801070806000302009000100
300006085970028030005000900790802000010000090000109048007000600050360072640200009
570060003030005060601007000053000001000080000900000270000800402080100030200040019
040000590890500062305002800000001040006090700030600000004700106680004057073000080
004009300010030050800700009006800020005000700020007900200004007040050060001200500
000500601000030700000070025300005290020000070058200004810090000009080000602004000
000709000200080003070204050800000001000501000160070045050000030030000010604090508
200900000800503000054706002008000009097000420100000300300105890000802003000007005
005040009420703000003805070000000006040157020100000000060408900000201087200070600
040137020007809400800040005090703050630000047051000890100070009000080000000906000
057038000006100207000090000630000001070020060500000034000080000205007400000910370
600185009000000000590000087800000003000704000054020910080203090460000031007040500
000000900020041060609005400014507000050080020000106540001600203060750080002000000
207060008006007300040020017020103000603040501000609030530080060009200100400090803
031020960000060000600301004960000083000000000000953000405000609080204030020506040
004000500086000420520000068003000200200178004000306000002010800010000050408205906
300050007010702090000080000908305102032000640005000300090507030700000006000206000
000600907000000300704300200040507600060080010001406020003002806006000000102008000
000102600000050290900006003300600900100030008007008005400500002026040000005203000
000801000005064100060700080250000403090000070406000012010009020002570900000103000
900050003000697000000000000007805100020709050300000004200000009006000400409103608
001000400509030108600801002320000085400506007000000000800403001040000050900010004
900160200000009508001050906000687002000020000200391000506070800809500000007018004
000000000940301076800020003009706300081000960200000004000509000090040010005000400
084520000000007000306908000200600800065000740008005002000106508000200000000089230
600704005000000000900268001020000090004030200007000600060040050000020000300906004
306028010100300000040001060800000000200867003000000005030100070000002004050670208
200090003040807010030060050070305020002406500000000000700000008409000201000102000
700003801050087090800000000140802000070090010000105029000000006080710040605200007
009603004010700080400080003000000641005000200164000000600010002050002060300407500
040000060000635000003000100005409700004702600900000004000204000300010008016000570
300000020064500000000901604010007300700000001005800090501603000000002810080000002
000002708700004903020800100000080096000050000830040000003006010906400007502300000
060040030070090080001000500006102800100000002080304060700000006019060370000010000
009003000710000000800795300050009800207000906006500070005812009000000042000900600
100500009054007010000040070070010004003829700600050030020070000030400160500003007
000800000102040080006200307200160000309000102000029004605002900090050203000004000
009001300852030070300007000040920003090000040100074020000700002030050498004300700
200000056800000000040620000502480000100000005000095308000046070000000003470000001
008300009090000200100080047005094080400000002080560400850030004003000060200008900
910600803080003076300000000090030001000507000600040030000000007570300040203006018
012000000503000006060041020900000070050824090030000008090570040100000903000000580
000000009014500060706400000000005040609308107070600000000007508080004320100000000
010084092004000800503000000000090050000706000070030000000000109008000700190370080
070000020003000700100805009050030010002000400400060002004607500000010000010254060
000620030082005090530000060007098000100000003000140900050000019070200640010079000
000403100370090000600070009000000415009000700842000000100050002000060081006201000
200090004040608020009407100010030050090060010605000908054000690000203000000000000
000802300400000050007000129090405001001000500600903040534000700010000002002304000
080000700030670048605000200000080070040509080050020000008000401760094020001000090
003108500060000020000020000630000054082000960005000300906734102800050009000906000
003000100208050903060000050700000005006301400380000019000030000030907080609020501
800060004071000650060080070000509000003000700056000410200806001009000200000192000
302109508000803000000020000007406200400000009000985000030000050078000120009502800
004000900090000030201000507800000004002641700007000100040508070003207600700000001
000620941080400000400057000027000003004000500300000270000590007000004060976082000
000300700060009084001002000018004030300000007090200140000100400520800090009006000
050600200002800003700015090006000017005000900320000400040920006100006500007008040
098006000500070108001300040049000050000090000030000920010007400902010005000600280
000401000003000900061000240007090400050000010008703500080030060100000003500020004
000400605006090030014080000240900703000000000907006024000040350060010800405002000
090000040500206003000070000002307600700000002064010730900000007001708300400020001
010030087806005040070100603002300000000050000000009400705001030060200705120040090
064020080001060000900700001000600009300401007100002000200006004000010700080050610
038401270040030060000000000005080400290000038480090051070000080020050040000749000
700000009000509000002146500000000000097000850004802900009000400800324005205080306
009005010003004005050100608000807200000000000001302000107003080200600900080500400
000040000008910400090608030007206840830000012049107600010805060005061300000020000
038000720004873900000000000302608104000000000045902830000000000070104080050020090
304801607000375000000000000050904030600080001038000790000030000080609040006000900
080926004509008000000000003006010000070409080000080100600000000000200601900361070

