020900000048000031000063020009407003003080200400105600030570000250000180000006050
100800570000009210090040000300900050007000300020006008000020040071400000064007003
002000800005020100460000029130060052009080400000302000006070200700000008020519070
802600009000058000006000401090406005020000040600203090205000900000970000100002804
070000120100000067000200004200040070710030049090070001300009000950000006067000080
054608003700004000800000020690000102000010000203000047070000006000500008900306410
000159000015000790000000000100405008280000067500728001000896000098010420000000000
000000000340000091701060408800000006010000020600205009060107050005020100030090060
206008309001002000700004012942060000000407000000080423620700004000200500309800206
100009570798040000600002000012000008000000000500000320000300005000070416061200003
009610720001050004000000010000400109000185000507002000080000000700090200045027300
002806100000090000300000007003000200600704008820000045000010000140080063030050080
010609070020701050050000090200000005000040000604805302060000080009010600000502000
070090050500010006004000800001904300003000600960000085000000000006807100040000030
038000006290010000540800100000100000020060040000004000004006051000090073300000290
004060900860000014003000700000000000950642071600080002000000000025000680480010059
450000027000050000006040800014709560090000080005020700100203008023000190000090000
060070080107000503050104090001000800600305009034206710000020000000907000000601000
030000000002379004004008100000080097006000500520010000008700400100834700000000080
800000905039080620720004080002090000070406030000030100090800062048070510607000004
300006089690800070001200300400000910000020000035000002003008500040003091950700004
010006800060000000324000067000048090000709000030210000540000376000000040002600050
087000910200000005000809000000030000305060802900000006800010007060000020002674500
008509600760000094000000000000040000090802030800000002070396020009020400030000050
003040900000207000010000050029403570580102093001000800005020600000000000060501080
000030000092040008016800200500003700000080000008700009001004970400020160000050000
200709005600030002400000007002000400000104000000567000840000063029000810007000500
009040000080000045400005639000520000030000050000039000794200001320000080000010300
540900006000002708070430000080000901009040300602000050000021080107600000800004027
000402000000709000052000930023601450400375006000000000000000000008903600306000702
000020000059700420080031060006000090705060102030000500090810070023007850000050000
007890100030006080608000503020000006900010002800000050702000309040900020003087600
270000060000500900000001005608050700000376000009040306900600000006003000050000084
000709020050008309008300000092000074000040000310000580000004800201900060030801000
000809000043000870020000010300020009000308000010000020607000402084205690200704001
009370008000061009060090700000004000530020091000900000004010050300250000100047200
036000200000084006100600004010090300050406020008070010300005001800730000009000870
920504038000603000000070000105000806400108002007060500002000900740000051300020007
000000000418060030270830000006002805300050007801900300000094063040080791000000000
830060004000902007000310000040000280103000405028000070000079000200401000500030061
001000009607210350580400000010600000053000620000007010000002038078065902300000100
000000360050040008000852001007500000260000053000006900600294000700030040041000000
000000020000000609800501007000014070318090546020630000500708002204000000030000000
000000920906350000408009630009000070010080090030000100091600407000018309084000000
000065008000710004900000370080000703050020040204000050018000006500036000300890000
090030020005806100730000085007109800000403000010000050000000000580000079900501002
016030290003000800490000076000904000000000000600105009200040005570000068001000400
050603020800174006000000000700000003004305600010090040000000000400010002520000067
000000000805040709340080056030275040500403001000000000900138007010000060000506000
003600010000040050060012000040200875010000020528004030000350040030090000090008100
603000000002050630000040870501300060000507000020006901018060000039070500000000209
000502000060070080250308076000000000000403000830000095043000210900000003020907050
000952000000000000061040520000136000100020007080000060203807401500000003000090000
008020500003806700040000080009000300800643005300000004180405069000781000000000000
007300000802040000603209000000000956000000000748000000000608401000090602000002300
070809040060010050000635000810000024003000700040050060700000005500461008000070000
000000084400000900108400276000910407000602000306045000943008605001000002850000000
070103050400000002018020730002958600091604280000000000900000007060010040004080500
200071500600000009800500000070025000090060040000740050000002005900000001006390004
802005070000092000500400000100000060960020054040000007000009006000350000010800302
400908003080304060002605100010000050703000901005030700070206010009000400000050000
000020000060000040902000306000040000045030710700000008420901083000302000089050120
000759100000003900941006300124000008600000001800000294005800623006500000002967000
002000030810060050003002708004796000020308010000215800608500200050070081030000600
280306095030902060000000000300000008004000700890000016008000100700683002000090000
040000010001000700009807500036040280400602009000000000005704900003060400060905030
010090000005010308032000540000321000820609034000784000089000470501030900000040010
508009004001060800070204015906000700040000060005000208150802090004050100800600502
837005000001630800000900100000000067000302000750000000008003000009024300000500724
070002090100005403035000600740306000000000000000708014007000960903800002020100080
000005073007109002600000900100800500020030090004006001001000009800407300970200000
000800010000036500050000083800360070600509002090048001180000090002490000040001000
000815000706000805900000003402000608800070004070000030000306000060709010090040060
000006002912008000708900500020670008000000000500082060009004107000800254100200000
009300100000600007046007002090000081000010000680000090500200710400001000007004800
080000050700300608029050100000407080003090200060502000008040510904005003070000040
003000051006054020040309000017000040600000009050000370000702030030810700870000600
040050090030108050006000100000020000200040001600317002305000907010000080000593000
709000400000040006800906000007300080080604020020008100000703002400060000005000901
500030002308000605000105000000050000051000240004601300025704860000000000140000029
003400090098073001200000000080002700020000080006300020000000009900860370050001600
007000500000109000090587010020000050030852060000030000304000605906000203270000081
001000900307000408400030001700000003900106002060305010093804120000050000000901000
500728006407050000006000800032040000800000004000010720008000400000080109200631008
000860001052940000000050089503000004400000002200000308730080000000094810900026000
060000020000000000290000053000000000607108205008326700100465007000000000005907800
270000053000000000800709002060203010000904000001060200003040100700000004040607090
900000001250000076800000009000609000030174050000000000005040100000803000040702030
980000024000040000026000570000105000060000040001402300704903208005000900000080000
060000020279000863000000000000904000603000204040235070030598010008000600500000008
000609000000050000608401209065000970031000540700000002000090000074000820100080007
050000060869000714000804000000607000004030800700040003900000001001050400073000650
009084000070100060003000805700605080400000007050407006205000700080003010000840600
009003500180702400000000002300050000700000003000040005800000000003609027006400800
120504086500086007000700000350000904010000070906000051000008000600470009730605048
061000000007602001009001576032807060000000000070306210256900800900203600000000190
470000095300804007000607000006105400003070100020406070207000508050040030000000000
902007030700900601060000000540090000009080500000060019000000020305008006020300804
000924037029005000040030000070000003095000680200000050000060040000100970580493000
001000000720800006060004801100209004400108007200605009905300070300007095000000100

